hmin =   0 hmax = 178 avgh = 4.017578
smin = 124 smax = 255 avgs = 154.784831
vmin =  75 vmax = 255 avgv = 243.954210
