hmin = 198 hmax = 243 avgh = 228.033312
smin = 232 smax = 255 avgs = 253.074002
vmin = 255 vmax = 255 avgv = 255.000000
