hmin =   7 hmax =  30 avgh = 23.661350
smin =  48 smax = 136 avgs = 73.231337
vmin = 255 vmax = 255 avgv = 255.000000
