hmin =   8 hmax =  13 avgh = 10.464193
smin = 101 smax = 137 avgs = 122.318251
vmin = 255 vmax = 255 avgv = 255.000000
